0020000000000000000020010000000000000000010020000000100000010000000000000002000200000000000200000000
0000000000000010000000000000000001000000000000000000000000000002000021000020000002000000000002000002
0000000000000120000000000001000000000000000100000000000200000000000100000001000000000000000000000000
2000000000001020000000000000000001000002000000000000000000010000002100000000100002020000000000000000
0000010000000000000200001201000000000000000002000000001000000000000010000000000000000000200000000000
0001000000000000000000000000000000000000000200102000000000000000000010000000000101200010000000000200
0000200000000000000000000000202000000000000000000000002000010000200000000201000202000000000000000000
0000000000000000000000000000010000000200000002000000000000100002000000000010000000000000010000000010
0000000000000000000200000000000000000000000000000021200000020000000002000102000010000000020000000001
0000001002000200000001000000200000000000000020000000010000102002010001000000000000011000000000000020
0000001020000000000000000000000000000000000000100000101100010000000000200000000000000000100002010000
0000100000010000020000000000000000000000200000000000000000000000001000010000000010000000000000000000
0000000000000010200000000020000000000000020100000000000000110001000000000000000000110000000000000202
0202000001001000000000000000000000001202000001000000200000000001000010000000002000000000000010200000
0000020000000000000000000000000000000000000000010000020000001000000000000010001000000010000000020000
0000000000000020010000000000002000002000000000020000000000002000000000000000000001000000000010020000
0010100010000000000000000000000000000000020000000000000000000002010002020000000000002000000000020000
1000000000000000010000000020201000010002002000000002000000000000001002000000000000000000000000000100
0100000000000100000000000000000000000000020001000000000000001000020102000002000000002000000000100000
0000200001000000000000000002100000000000010000100000000002000012000000100000000000000000001000000000
0000000100000000000000000002000002101000000000000000000000000000001000002000000000000000000000000000
0000001000000000000000000000000000000000020000000000000000000100000000000100000000000000000200000000
0000000002100000000020000000020000001000000000000000000020000000000001000100002000000000010000000020
0000220002000000000000000000000000100000000000000000000000000220000010000000000001000001000000000000
0000000000000000000000000000000000000000000100010000002000000200000001000000002000022000000002100002
0000000000000010002020200000000000000000000002000000000000010000000000000001000000000000000000000000
0100000000000000000001000201200010000000000000000000002200000000000000000000000000000100200000000002
1000000000000010000000100000000000000002000000000020000000000000000000000002000000020220002000000000
0000000100010000000000000000020000000000000000000002011000000020000001000000220000000002000000000000
0000000000000000010000000000000002000000000000200000000120000000000100200000000000000000000010000000
0000010000000001100020000020000000020000000000001000100120000000000000000000010200000000000000001000
0000000000002000000020200001000100010000000000000000010000000000000000200012000000000000000000001000
0000000200002000010000000010200000000000000200000120000100100200010000000000002000100010002000000000
0000100000000000000000010100000000020000000000000010000000000000200002000000000000000000000000000000
0000100001001000000000000000001000000010000000000010002002000000002000000000000200000010000000001000
2000000000000000000000000000000000000200000000000000000000000000000000000000000000100000000000001000
0000000000200000002000100000000210000000000000000000000000000100000000000020000000000000000000000000
0000000000000000102000000000000100000000001000000000000200001000200100101010000000000000001000020000
0000000000000000000200000000000000000100000020000000000000002000210000000100000110000000000000000000
0001021000000000000000010001000000200000000000002000000000000000001000020000000000000001010200200000
0000010020000000000000000000000220000000000000000000000002000000010000000000000001020000000000010000
0000100011000000000000000000210000000000100000000000000000200200000001012000000000000000000002000000
0200000000000010000000000201200000000000000000000000000000000000000000000000000000000000000100000010
0000001000200000000000000000000000100000010000010000000000000111000000020000000000000200000000100002
0200000000000200000000000100001100020002000110000000000000000000000000000000000210020000100000002000
0000020000020002000010000100000000000000002000000000000000000010000000000000100002000000000000000000
0000000000200000000010000010000000000000000000000000000000000000000000000000000002000002200000000000
0010000000000000000200000200002000000000000000000000000000010000000000000000000000000010002000000000
0000000000000100000000000000010000000001200000000020200000000000200000010020200100000000002200000100
0000020100100000010012000100100020000202000010020000000000000000000000000000000000000000000000000000
0120000000000000000000200010000000000000010000001000000000001010000000001220000000000020001000200000
0020000000001000000000210000000000000000200202000000002000022000000000000000000100000100000000100000
0000000020000002001000000000200000200200000000021000020000000022000201000002000000022001000000000000
2000000020000200001000010000002010000002000000000020000000000000000000000000100010200000102000010200
0020010000000011010010000000100001002020002000200000000020000000000000000000000000000002000000000000
0000000100000000001000100000000000000000020002000000002000000120020001000010000000000000220000000000
0020000000000000000000000001000000010000000000200001010010000000000000000000000001000000000000000010
0002000000000001100001000200200000000000000100000000000000020000000200000000000000000000000202000200
0200000000000020000000001000000000000000000010000200000100000200000000000000000000020000022002200100
0000000000200000000000000000000000000000000002000000100020000100000000000000000000010000000000202000
0002000000000000000000000000000020010000000000000000000001020000020000000000002000000000000000000020
0000000000002010100000000100000010000000000000000000021000000000000000100000000000000000000000000000
0000020000000000000001002000001000100000000000000000000000000000000000001000100000000000000000000000
0000000000200000002000000000000000000000002000001000000000000000000000002000000000000000002000000000
0000002000000000000000000000000000000000000210002002020210100000000000000000000000000200000000000002
0000000000002001000000100000000000000000000000000000010010000000000000200000000000000000010000000000
0022000000000000000000000000000000000000200000000000000000000000002000000000000000000000000000000000
1000000000000002020000000010000000000000000002000000000000000002000201000000000010000020010100200020
0000000000002000020000000000000000000000000001000000000000000000000000001000000011000000000000000000
0000000000000000000000001000000000000000000000000000012000000100000000020000000001000000000000000000
2000000120201000000000000002001020001000000001000000020200001002000020000200000000002000000020000000
0000020001000000100000000000200000000000000000000000001000121010000000000000000000000002020000000102
0000010000000000000000000000000000200000000000000010010200000000000000000000100000200020000000120011
0000000000200000000000000000000000002012000000000000000000000102001000000000000000000200000000000201
0000000000000000000000000000000000200000000000000001020000000000000010002001000001000000000200000000
0000020000000202001000000021200000000000100001010000000000200000000100000000000000201000000022000000
0200000000000000000001001000000000021000020000000020000000000000000000000002000000000000200000010000
0000000000002000000000000000010000200000200000000022000200100000000000000020100000000000010000000200
0000020002000100000100000000000000000000000020020000000000000010000010000000200000001000100100000000
0000000000000022001000000200000000000000000000000000000000000000000000200000000000000000000010000000
0000000010000000000000000000000000000000000000000000000000000000000000002000000000000100001010000000
0000000000000000100000000000000000002000100000000002100000000010000020020000010000000000000000000000
0000000000020000100000000000000010010000000000000000000020000000110000000000000000010000001000000000
0000000000000000000000021000000000200000000000000000000000000000000000000000000010000000000000000000
0200000001001100000000010000000000010000000000000000200000010000010200002002010000000000000000000000
0000010102000000000001000000000000000200020020000000010020000001101000000000000000000000000200000000
1001000000001000000000000000000102000010000000000000000000000000000210000000100000200000000000020100
0200000000100000000000000000001000000000000000010020000020000000000000002000020200000000000000000000
0000000000000000000000000100000000000000000002000200020000000000200000000000000010000000000000000201
0000000002000100000002200000100000000000000000002000000000000000002000000000010000020000000000000000
0001200000000000100000000000000000000200000001000100000000000000000200000100000000100000000000000000
0000010200020000000000000002100000000002000001000000000100000002000000100000001000122010000000002001
0000000000100000000000000000000100000000000000000000000100001200001000000000000000001000000000000000
0000000000000000000000000100000020000020000000000000020000000001000000000000000020000000000000100000
0000000000010000000000000000100002000001110000000000000000000000010001000000000000000000000000000000
0000000000000200020001000000100000100000000000000000000000000000000000000000000000000000200000000000
0010000000000000000000000000000002002101000000000200000000000000000000002010000000100000000000000000
0000000000000000000000000000000000000000000000000002000000002010000000000002000000000000000000000000
0000200000001000010000000000100000000000200000000001000000100000000000000000000000000000000000000000
0000000000000000000100020000000100000010000000020000102000200000000000000000000000000000000000010000